Matrix 0 T:
[[21, 12, 15, 'inf'], ['inf', 27, 'inf', 'inf'], ['inf', 22, 30, 'inf'], [26, 27, 29, 15], [13, 10, 29, 21], [22, 11, 21, 20], [10, 13, 26, 20], [14, 27, 19, 18], [25, 28, 10, 29], ['inf', 'inf', 23, 'inf'], [13, 14, 29, 13], ['inf', 24, 21, 14], [16, 27, 18, 22], ['inf', 12, 16, 23], [18, 29, 22, 21], [15, 'inf', 'inf', 'inf'], [19, 'inf', 28, 'inf'], [26, 20, 19, 12], ['inf', 'inf', 25, 'inf'], [12, 14, 30, 10], [14, 24, 13, 'inf'], [14, 14, 19, 22], [13, 10, 16, 10], [15, 12, 'inf', 18], [29, 27, 11, 19], ['inf', 24, 'inf', 19], [13, 27, 'inf', 'inf'], [22, 19, 24, 27], ['inf', 'inf', 23, 19], [27, 24, 11, 24], [23, 15, 28, 14], [25, 30, 14, 21]]

Matrix 1 T:
[[13, 24, 26, 27], ['inf', 'inf', 'inf', 17], ['inf', 'inf', 'inf', 28], [17, 19, 14, 17], ['inf', 11, 'inf', 'inf'], [23, 22, 17, 15], [17, 29, 10, 12], [18, 29, 27, 11], [29, 18, 11, 24], [16, 28, 21, 24], [29, 15, 13, 12], [23, 21, 29, 21], [19, 21, 22, 19], [12, 12, 13, 15], ['inf', 11, 'inf', 'inf'], [16, 'inf', 23, 'inf'], [24, 'inf', 'inf', 20], [26, 19, 14, 'inf'], ['inf', 'inf', 15, 'inf'], [24, 15, 25, 17], ['inf', 10, 24, 21], [29, 21, 27, 21], ['inf', 15, 14, 'inf'], [29, 16, 17, 17], ['inf', 24, 'inf', 'inf'], ['inf', 'inf', 29, 'inf'], [16, 'inf', 'inf', 'inf'], [13, 17, 30, 13], [13, 13, 21, 23], ['inf', 22, 23, 11], [19, 22, 30, 12], [29, 22, 30, 17]]

Matrix 2 T:
[[25, 12, 11, 24], [19, 15, 30, 'inf'], [22, 'inf', 14, 'inf'], [24, 'inf', 'inf', 16], ['inf', 18, 'inf', 'inf'], [13, 13, 27, 21], ['inf', 29, 25, 'inf'], [28, 19, 13, 25], [27, 23, 'inf', 'inf'], [10, 24, 10, 18], [23, 14, 24, 26], [27, 25, 'inf', 'inf'], ['inf', 24, 'inf', 24], ['inf', 24, 'inf', 'inf'], [19, 18, 13, 10], [21, 29, 14, 20], [23, 18, 17, 17], [12, 30, 10, 24], [24, 23, 14, 21], [22, 24, 16, 11], ['inf', 'inf', 25, 30], ['inf', 'inf', 'inf', 26], [27, 20, 13, 17], [19, 17, 25, 29], [12, 19, 23, 17], ['inf', 30, 25, 'inf'], [25, 25, 20, 20], [21, 30, 10, 20], [14, 'inf', 'inf', 'inf'], ['inf', 14, 22, 'inf'], [27, 'inf', 'inf', 'inf'], ['inf', 25, 'inf', 20]]

Matrix 3 T:
[[16, 'inf', 27, 22], [20, 28, 22, 26], ['inf', 25, 'inf', 26], ['inf', 'inf', 'inf', 11], [27, 13, 17, 'inf'], ['inf', 26, 'inf', 30], [23, 13, 24, 20], [17, 'inf', 17, 12], ['inf', 13, 26, 'inf'], [25, 11, 21, 16], [15, 12, 23, 25], [11, 18, 16, 24], ['inf', 21, 'inf', 24], [16, 25, 23, 28], ['inf', 16, 'inf', 'inf'], ['inf', 'inf', 'inf', 14], [24, 29, 24, 'inf'], [25, 10, 18, 12], [12, 16, 18, 11], [28, 13, 'inf', 'inf'], ['inf', 'inf', 26, 29], [16, 23, 18, 19], [11, 10, 21, 17], [22, 12, 27, 16], [24, 30, 29, 'inf'], ['inf', 10, 28, 'inf'], [23, 16, 26, 27], [27, 19, 29, 16], [28, 11, 20, 29], [23, 24, 29, 11], [28, 'inf', 23, 13], [20, 27, 18, 15]]

Matrix 4 T:
[['inf', 24, 'inf', 11], [26, 11, 23, 18], ['inf', 'inf', 21, 23], ['inf', 18, 28, 24], [12, 16, 27, 'inf'], [29, 'inf', 'inf', 15], [19, 25, 21, 25], ['inf', 26, 23, 21], [26, 'inf', 10, 13], ['inf', 21, 19, 20], [12, 27, 19, 30], ['inf', 'inf', 21, 16], [23, 17, 10, 18], [26, 10, 19, 20], [23, 'inf', 19, 18], [24, 22, 'inf', 20], [26, 21, 'inf', 26], [18, 30, 11, 17], [24, 23, 14, 11], [30, 12, 'inf', 'inf'], [20, 'inf', 10, 24], [26, 21, 29, 'inf'], [15, 24, 28, 19], [15, 'inf', 29, 16], [20, 17, 19, 17], [22, 16, 13, 20], ['inf', 13, 'inf', 'inf'], [14, 18, 20, 11], [22, 26, 29, 14], [19, 'inf', 27, 'inf'], [10, 20, 15, 27], [11, 16, 11, 11]]

Matrix 5 T:
[['inf', 30, 'inf', 23], [16, 18, 30, 17], [15, 24, 24, 28], [11, 23, 27, 15], [24, 22, 23, 19], [27, 'inf', 'inf', 'inf'], ['inf', 11, 'inf', 'inf'], [25, 25, 29, 27], [13, 19, 23, 25], [26, 'inf', 'inf', 'inf'], [17, 13, 24, 'inf'], [25, 21, 10, 19], [18, 22, 15, 18], [25, 14, 'inf', 10], [25, 24, 19, 26], ['inf', 10, 'inf', 'inf'], [21, 13, 14, 28], [21, 22, 16, 12], [19, 14, 28, 'inf'], [17, 30, 18, 13], [11, 'inf', 23, 27], ['inf', 29, 10, 'inf'], [10, 13, 20, 21], ['inf', 15, 20, 28], [14, 12, 'inf', 'inf'], [10, 26, 28, 10], [29, 28, 13, 22], [14, 25, 15, 'inf'], [12, 'inf', 'inf', 'inf'], [11, 10, 27, 10], [10, 12, 15, 14], [18, 12, 21, 15]]

Matrix 6 T:
[[16, 15, 21, 21], ['inf', 14, 28, 28], ['inf', 'inf', 18, 'inf'], [26, 19, 26, 24], [26, 17, 27, 11], [14, 14, 25, 25], ['inf', 11, 'inf', 'inf'], ['inf', 'inf', 12, 16], [11, 26, 'inf', 12], [12, 14, 15, 16], [23, 23, 14, 14], [18, 18, 19, 25], [13, 29, 17, 23], ['inf', 'inf', 14, 'inf'], [26, 'inf', 'inf', 17], ['inf', 14, 'inf', 'inf'], ['inf', 22, 'inf', 28], [22, 12, 16, 14], ['inf', 'inf', 21, 'inf'], [27, 21, 29, 25], [17, 29, 20, 26], [19, 17, 13, 14], [23, 12, 15, 30], [30, 15, 'inf', 'inf'], [14, 13, 19, 25], [24, 'inf', 'inf', 'inf'], [14, 26, 26, 21], ['inf', 10, 'inf', 27], [24, 24, 18, 23], [10, 20, 21, 13], [21, 12, 12, 27], ['inf', 24, 'inf', 'inf']]

Matrix 7 T:
[[23, 'inf', 18, 25], [14, 26, 24, 22], ['inf', 'inf', 22, 'inf'], [29, 'inf', 'inf', 'inf'], [16, 21, 10, 29], ['inf', 'inf', 10, 'inf'], [27, 22, 18, 27], [22, 13, 'inf', 22], ['inf', 17, 'inf', 'inf'], [29, 14, 19, 'inf'], [15, 17, 23, 25], [27, 17, 21, 19], [28, 25, 'inf', 12], ['inf', 'inf', 25, 'inf'], ['inf', 'inf', 30, 12], [22, 26, 15, 27], ['inf', 'inf', 18, 'inf'], ['inf', 13, 18, 26], [16, 22, 25, 27], [20, 15, 18, 26], [11, 19, 11, 18], [16, 16, 26, 12], ['inf', 'inf', 25, 'inf'], [24, 18, 29, 14], [30, 'inf', 12, 'inf'], [22, 26, 11, 27], [12, 30, 10, 13], [22, 21, 24, 10], [10, 20, 19, 25], [23, 16, 20, 24], [12, 17, 22, 29], [10, 13, 16, 23]]

Matrix 8 T:
[['inf', 'inf', 27, 'inf'], [29, 15, 14, 'inf'], [25, 23, 22, 18], [18, 13, 20, 18], [22, 20, 30, 'inf'], [18, 29, 15, 12], [29, 14, 20, 15], [11, 26, 'inf', 27], [21, 'inf', 'inf', 'inf'], [30, 'inf', 'inf', 'inf'], [22, 20, 16, 'inf'], [14, 23, 15, 13], [21, 22, 28, 13], ['inf', 10, 'inf', 'inf'], [19, 10, 15, 12], [30, 29, 27, 14], [12, 12, 28, 21], ['inf', 'inf', 14, 'inf'], [20, 12, 28, 10], [18, 'inf', 'inf', 'inf'], [27, 20, 13, 13], [16, 'inf', 21, 30], ['inf', 'inf', 14, 'inf'], ['inf', 10, 27, 'inf'], ['inf', 10, 'inf', 'inf'], [22, 'inf', 24, 'inf'], [15, 21, 30, 21], [24, 29, 13, 13], [17, 'inf', 'inf', 'inf'], ['inf', 'inf', 16, 28], ['inf', 'inf', 'inf', 20], ['inf', 'inf', 'inf', 17]]

Matrix 9 T:
[[16, 13, 27, 17], [29, 16, 27, 15], [23, 10, 12, 15], ['inf', 17, 16, 'inf'], [17, 28, 22, 17], ['inf', 'inf', 'inf', 13], [11, 23, 24, 15], [12, 30, 25, 29], ['inf', 'inf', 22, 'inf'], [16, 12, 'inf', 'inf'], [20, 12, 'inf', 'inf'], ['inf', 22, 29, 'inf'], [22, 18, 26, 21], [28, 22, 10, 'inf'], ['inf', 25, 28, 14], [29, 16, 15, 15], [22, 'inf', 28, 22], [24, 16, 26, 19], [14, 24, 'inf', 'inf'], [27, 23, 10, 21], [15, 24, 10, 'inf'], ['inf', 27, 16, 22], ['inf', 16, 'inf', 'inf'], [13, 'inf', 'inf', 21], [19, 11, 26, 19], [10, 16, 28, 'inf'], [19, 13, 10, 12], [14, 28, 25, 'inf'], [24, 30, 15, 19], [18, 23, 25, 10], [27, 26, 29, 29], ['inf', 28, 'inf', 14]]

Matrix 10 T:
[[13, 11, 19, 17], [11, 16, 28, 21], [30, 22, 25, 15], [18, 27, 19, 13], [14, 25, 24, 29], ['inf', 24, 17, 13], [18, 21, 26, 14], [22, 10, 30, 18], [25, 18, 28, 25], [26, 25, 22, 15], [16, 'inf', 30, 'inf'], ['inf', 11, 15, 'inf'], [17, 22, 16, 13], [11, 'inf', 'inf', 11], [26, 30, 20, 17], [25, 29, 21, 29], [26, 24, 20, 11], [10, 23, 25, 20], [21, 'inf', 29, 13], [16, 25, 12, 18], ['inf', 'inf', 29, 18], [30, 28, 13, 12], [11, 20, 'inf', 'inf'], [10, 29, 12, 29], ['inf', 28, 11, 29], [16, 19, 11, 26], [14, 'inf', 29, 21], ['inf', 18, 'inf', 'inf'], [10, 12, 30, 27], [18, 11, 10, 15], ['inf', 23, 16, 'inf'], ['inf', 18, 22, 19]]

Matrix 11 T:
[[26, 16, 24, 28], ['inf', 'inf', 20, 'inf'], [16, 30, 29, 15], [24, 22, 23, 20], [10, 13, 11, 26], ['inf', 19, 23, 'inf'], [15, 17, 25, 26], [20, 15, 24, 'inf'], ['inf', 'inf', 29, 28], ['inf', 'inf', 20, 'inf'], [22, 23, 'inf', 'inf'], [17, 22, 25, 22], ['inf', 'inf', 27, 'inf'], [21, 11, 29, 20], [25, 'inf', 'inf', 'inf'], [28, 27, 24, 14], [10, 29, 16, 22], [23, 'inf', 'inf', 'inf'], [27, 18, 'inf', 'inf'], [12, 15, 30, 16], [10, 28, 28, 12], [11, 30, 29, 'inf'], [20, 15, 27, 20], [28, 23, 18, 29], [13, 11, 18, 20], [23, 'inf', 'inf', 24], ['inf', 23, 'inf', 27], [28, 24, 'inf', 'inf'], [21, 26, 28, 20], [29, 27, 11, 28], [28, 15, 20, 25], [14, 'inf', 'inf', 'inf']]

Matrix 12 T:
[[29, 25, 15, 24], [27, 'inf', 23, 'inf'], [29, 26, 'inf', 17], [24, 25, 18, 'inf'], [16, 12, 19, 17], [19, 28, 18, 14], [28, 23, 21, 'inf'], [26, 11, 17, 19], [15, 17, 12, 25], ['inf', 24, 10, 'inf'], [15, 11, 29, 23], [30, 11, 11, 'inf'], [21, 18, 29, 'inf'], ['inf', 12, 12, 23], [11, 'inf', 'inf', 'inf'], ['inf', 'inf', 'inf', 18], ['inf', 'inf', 'inf', 30], [28, 10, 29, 10], [27, 'inf', 'inf', 22], [29, 'inf', 20, 13], ['inf', 'inf', 'inf', 22], [14, 30, 16, 25], [12, 24, 28, 24], ['inf', 26, 29, 13], ['inf', 'inf', 17, 'inf'], [20, 'inf', 'inf', 'inf'], [21, 21, 12, 11], [26, 11, 'inf', 24], [18, 21, 28, 16], [14, 21, 25, 25], [23, 12, 20, 'inf'], [11, 22, 23, 28]]

Matrix 13 T:
[[24, 17, 27, 24], [22, 24, 19, 29], [18, 'inf', 'inf', 'inf'], ['inf', 'inf', 25, 'inf'], [23, 17, 17, 11], ['inf', 10, 19, 25], [17, 11, 21, 25], [28, 19, 22, 11], ['inf', 'inf', 29, 'inf'], [20, 16, 21, 10], [30, 27, 23, 11], [18, 16, 25, 28], ['inf', 15, 14, 24], ['inf', 14, 'inf', 18], [10, 19, 12, 28], [23, 23, 22, 16], [16, 16, 14, 16], [23, 'inf', 15, 18], ['inf', 'inf', 13, 'inf'], [12, 26, 'inf', 14], [28, 23, 17, 23], ['inf', 'inf', 30, 24], ['inf', 'inf', 'inf', 21], [22, 18, 30, 23], [16, 29, 26, 20], ['inf', 28, 30, 30], [25, 'inf', 'inf', 'inf'], [20, 28, 17, 14], [23, 'inf', 25, 11], [23, 17, 20, 25], ['inf', 'inf', 22, 'inf'], [17, 21, 23, 20]]

Matrix 14 T:
[['inf', 10, 14, 'inf'], [28, 28, 'inf', 'inf'], [14, 'inf', 26, 20], [20, 18, 23, 28], [25, 'inf', 25, 26], [20, 25, 'inf', 16], [13, 16, 11, 21], ['inf', 11, 27, 20], [17, 'inf', 16, 16], [25, 'inf', 'inf', 21], [20, 29, 26, 28], [29, 15, 25, 20], [13, 23, 11, 21], ['inf', 'inf', 'inf', 10], [16, 18, 26, 12], [26, 'inf', 15, 'inf'], ['inf', 'inf', 15, 16], [20, 29, 16, 18], [25, 26, 18, 20], ['inf', 'inf', 27, 'inf'], [14, 14, 23, 19], [22, 'inf', 28, 'inf'], ['inf', 26, 16, 12], [14, 14, 20, 24], [27, 17, 11, 15], [11, 16, 'inf', 'inf'], [13, 11, 28, 21], ['inf', 'inf', 15, 'inf'], [22, 13, 18, 13], [23, 23, 'inf', 13], [26, 14, 18, 19], [14, 29, 17, 10]]

Matrix 15 T:
[[20, 'inf', 'inf', 'inf'], [13, 18, 30, 24], [29, 10, 25, 24], ['inf', 20, 15, 'inf'], ['inf', 'inf', 'inf', 13], ['inf', 'inf', 'inf', 21], ['inf', 'inf', 'inf', 10], [14, 'inf', 26, 13], ['inf', 17, 'inf', 'inf'], ['inf', 25, 27, 17], ['inf', 'inf', 'inf', 14], [18, 10, 28, 26], ['inf', 13, 'inf', 'inf'], ['inf', 13, 'inf', 20], ['inf', 16, 10, 13], [10, 'inf', 18, 'inf'], [12, 11, 26, 17], [15, 17, 21, 28], [27, 15, 21, 29], [18, 'inf', 'inf', 'inf'], [23, 'inf', 'inf', 23], [11, 20, 22, 12], [14, 'inf', 'inf', 'inf'], [16, 18, 29, 24], [25, 13, 26, 'inf'], ['inf', 'inf', 'inf', 27], [16, 26, 16, 21], [20, 'inf', 19, 30], ['inf', 'inf', 30, 25], [26, 'inf', 15, 27], [29, 23, 18, 11], [22, 16, 19, 14]]

Matrix 16 T:
[[19, 16, 24, 23], [28, 20, 20, 21], [18, 11, 22, 18], [24, 30, 12, 10], [13, 16, 'inf', 28], [30, 20, 22, 10], [14, 'inf', 27, 18], [25, 'inf', 30, 26], ['inf', 'inf', 19, 'inf'], [17, 13, 25, 24], [28, 12, 14, 17], [27, 29, 16, 14], ['inf', 'inf', 11, 'inf'], [26, 23, 19, 24], [22, 'inf', 15, 'inf'], [12, 13, 'inf', 25], [30, 14, 18, 18], [10, 14, 10, 30], [16, 11, 24, 22], [21, 27, 26, 12], [25, 16, 'inf', 'inf'], [27, 20, 11, 14], [23, 29, 12, 11], [18, 27, 11, 26], ['inf', 19, 27, 24], [17, 30, 13, 22], [18, 27, 17, 10], [21, 25, 13, 16], [19, 'inf', 15, 27], [22, 22, 22, 12], [22, 24, 15, 28], ['inf', 23, 22, 29]]

Matrix 17 T:
[[27, 20, 30, 19], ['inf', 'inf', 28, 'inf'], [24, 15, 'inf', 22], [11, 25, 28, 13], [23, 15, 25, 23], [18, 10, 19, 19], [13, 'inf', 'inf', 'inf'], ['inf', 13, 'inf', 24], [24, 30, 'inf', 'inf'], [18, 11, 16, 11], ['inf', 'inf', 22, 'inf'], [26, 21, 16, 27], ['inf', 'inf', 'inf', 10], [11, 'inf', 'inf', 'inf'], [22, 'inf', 'inf', 'inf'], [25, 27, 21, 25], [19, 28, 25, 25], [29, 14, 26, 25], [16, 18, 18, 29], [26, 10, 30, 30], [28, 28, 21, 'inf'], [24, 22, 29, 20], ['inf', 'inf', 20, 'inf'], [30, 17, 26, 23], ['inf', 'inf', 'inf', 24], [24, 21, 11, 29], [20, 25, 28, 12], [18, 24, 23, 30], [29, 29, 'inf', 28], [27, 24, 18, 15], [26, 27, 29, 20], [18, 22, 24, 30]]

Matrix 18 T:
[['inf', 'inf', 29, 29], [17, 27, 'inf', 'inf'], [13, 13, 'inf', 'inf'], [27, 10, 19, 25], [20, 20, 'inf', 'inf'], [26, 13, 25, 21], [23, 'inf', 'inf', 'inf'], [27, 30, 16, 15], [10, 'inf', 15, 'inf'], [23, 18, 11, 21], [12, 26, 14, 15], ['inf', 27, 30, 30], [15, 20, 25, 'inf'], [25, 20, 18, 11], [16, 24, 'inf', 24], ['inf', 11, 20, 17], ['inf', 'inf', 'inf', 19], [27, 19, 18, 24], [11, 'inf', 'inf', 27], [12, 14, 10, 26], [25, 17, 13, 24], [16, 26, 21, 17], [11, 18, 23, 13], ['inf', 'inf', 14, 17], [28, 22, 26, 16], [16, 20, 10, 16], ['inf', 'inf', 24, 21], [13, 30, 24, 12], [27, 13, 18, 24], [23, 27, 15, 11], [24, 10, 26, 29], [24, 'inf', 'inf', 'inf']]

Matrix 19 T:
[[26, 25, 19, 17], [24, 'inf', 'inf', 'inf'], [29, 'inf', 13, 27], [27, 13, 11, 23], [28, 29, 21, 24], [26, 11, 'inf', 10], [19, 10, 11, 'inf'], [13, 'inf', 25, 'inf'], [27, 'inf', 'inf', 'inf'], [10, 'inf', 15, 18], [25, 22, 20, 10], [19, 14, 29, 14], [19, 26, 23, 'inf'], [16, 25, 29, 12], [18, 15, 26, 16], [28, 'inf', 'inf', 14], [16, 'inf', 23, 12], [10, 10, 24, 23], ['inf', 'inf', 24, 25], [23, 'inf', 'inf', 'inf'], ['inf', 30, 'inf', 'inf'], ['inf', 17, 'inf', 'inf'], [28, 26, 22, 10], ['inf', 12, 15, 'inf'], [11, 'inf', 'inf', 'inf'], [16, 18, 10, 11], [10, 30, 19, 24], [22, 'inf', 'inf', 'inf'], [27, 15, 26, 10], [26, 'inf', 'inf', 'inf'], [11, 23, 18, 16], [18, 'inf', 'inf', 'inf']]

Matrix 20 T:
[[19, 12, 12, 18], [28, 11, 15, 27], ['inf', 'inf', 12, 'inf'], [16, 12, 27, 17], [26, 'inf', 'inf', 11], [11, 23, 10, 16], [14, 16, 'inf', 'inf'], [28, 'inf', 'inf', 'inf'], [18, 'inf', 24, 23], [12, 14, 28, 23], ['inf', 'inf', 20, 25], [24, 'inf', 21, 'inf'], [27, 30, 10, 24], [10, 26, 12, 11], ['inf', 28, 'inf', 'inf'], [18, 25, 11, 13], [16, 'inf', 'inf', 'inf'], [24, 'inf', 25, 'inf'], [22, 11, 17, 27], [15, 17, 11, 24], [29, 12, 13, 19], ['inf', 'inf', 29, 'inf'], [28, 'inf', 'inf', 'inf'], [18, 25, 17, 28], [20, 10, 12, 11], ['inf', 29, 'inf', 'inf'], [26, 'inf', 'inf', 12], [11, 26, 19, 22], ['inf', 'inf', 'inf', 15], ['inf', 13, 'inf', 'inf'], ['inf', 10, 'inf', 'inf'], [21, 27, 15, 22]]

Matrix 21 T:
[[20, 26, 24, 30], ['inf', 14, 'inf', 30], [19, 24, 17, 18], [10, 26, 23, 10], ['inf', 'inf', 30, 'inf'], [12, 'inf', 'inf', 26], [11, 12, 21, 10], [10, 30, 28, 20], [12, 'inf', 'inf', 12], [26, 11, 27, 10], ['inf', 18, 16, 15], ['inf', 26, 'inf', 'inf'], [12, 16, 18, 23], [12, 28, 22, 26], [29, 29, 13, 23], [19, 30, 20, 28], ['inf', 'inf', 'inf', 17], ['inf', 'inf', 'inf', 21], ['inf', 'inf', 'inf', 22], [29, 15, 19, 24], ['inf', 11, 18, 17], ['inf', 'inf', 'inf', 30], [19, 'inf', 12, 24], ['inf', 'inf', 'inf', 30], ['inf', 27, 15, 22], [12, 14, 14, 26], [12, 13, 26, 11], [12, 14, 20, 11], ['inf', 21, 'inf', 'inf'], [12, 23, 17, 17], [14, 15, 30, 26], [21, 27, 20, 28]]

Matrix 22 T:
[[17, 30, 12, 28], ['inf', 29, 18, 11], [11, 'inf', 'inf', 'inf'], [13, 19, 24, 23], [22, 23, 12, 12], [13, 20, 23, 22], [30, 'inf', 'inf', 16], ['inf', 21, 23, 16], [28, 10, 'inf', 17], [30, 15, 24, 15], [21, 'inf', 13, 'inf'], [12, 27, 27, 30], [25, 28, 14, 19], [14, 26, 23, 24], [13, 'inf', 26, 27], [23, 10, 'inf', 20], [21, 14, 18, 14], ['inf', 'inf', 'inf', 24], [18, 21, 12, 27], [17, 15, 'inf', 22], [25, 20, 18, 19], [27, 28, 20, 'inf'], [19, 26, 24, 30], [30, 12, 28, 28], [12, 29, 29, 11], ['inf', 13, 'inf', 12], [20, 24, 'inf', 29], [27, 25, 29, 24], ['inf', 28, 'inf', 24], [17, 'inf', 'inf', 24], [21, 14, 21, 25], [30, 18, 'inf', 'inf']]

Matrix 23 T:
[[27, 12, 25, 28], [24, 26, 22, 15], [19, 25, 18, 17], [23, 21, 'inf', 14], ['inf', 10, 13, 13], [15, 17, 10, 25], [13, 29, 22, 13], [25, 11, 21, 23], [26, 14, 24, 14], [17, 14, 'inf', 20], [18, 22, 16, 23], [29, 19, 20, 20], [12, 23, 'inf', 14], [13, 10, 'inf', 10], [30, 14, 28, 30], [16, 'inf', 18, 29], ['inf', 'inf', 23, 16], [28, 20, 24, 26], [20, 24, 'inf', 24], [10, 'inf', 12, 26], ['inf', 'inf', 12, 26], [12, 11, 24, 16], ['inf', 27, 24, 'inf'], ['inf', 'inf', 'inf', 27], [16, 12, 24, 30], [14, 27, 12, 17], [23, 28, 15, 19], ['inf', 10, 'inf', 'inf'], [21, 17, 22, 22], ['inf', 'inf', 29, 17], ['inf', 'inf', 12, 'inf'], ['inf', 22, 11, 'inf']]

Matrix 24 T:
[[14, 'inf', 28, 26], ['inf', 'inf', 'inf', 27], [16, 'inf', 'inf', 27], [17, 16, 13, 24], ['inf', 'inf', 'inf', 19], ['inf', 16, 27, 'inf'], ['inf', 23, 'inf', 'inf'], [12, 30, 24, 'inf'], [18, 'inf', 'inf', 'inf'], ['inf', 'inf', 'inf', 15], [16, 21, 21, 21], [21, 18, 27, 27], [29, 28, 17, 30], [15, 14, 12, 14], [11, 24, 10, 25], [23, 14, 18, 24], ['inf', 15, 11, 'inf'], [20, 26, 17, 22], [26, 28, 19, 17], [13, 19, 16, 14], [22, 'inf', 30, 'inf'], ['inf', 21, 29, 19], [25, 19, 'inf', 'inf'], [24, 17, 23, 27], [30, 29, 'inf', 'inf'], [11, 13, 10, 22], [26, 28, 30, 30], ['inf', 12, 'inf', 'inf'], [14, 15, 26, 25], [25, 25, 14, 29], [27, 22, 17, 30], [27, 26, 29, 14]]

Matrix 25 T:
[[26, 11, 10, 11], ['inf', 11, 'inf', 26], ['inf', 12, 'inf', 'inf'], ['inf', 'inf', 'inf', 15], [20, 'inf', 26, 10], [21, 22, 18, 12], [18, 15, 28, 27], ['inf', 'inf', 25, 'inf'], [30, 24, 10, 'inf'], [29, 19, 28, 10], [28, 26, 21, 21], ['inf', 15, 28, 'inf'], ['inf', 23, 'inf', 'inf'], [15, 15, 29, 28], [17, 10, 22, 15], [29, 11, 18, 18], ['inf', 'inf', 'inf', 15], [24, 10, 18, 'inf'], ['inf', 28, 'inf', 'inf'], [10, 'inf', 'inf', 19], [23, 28, 13, 30], [26, 26, 27, 15], [27, 10, 15, 'inf'], [27, 'inf', 23, 'inf'], [20, 21, 30, 28], ['inf', 13, 'inf', 29], ['inf', 'inf', 'inf', 20], [10, 28, 15, 10], [29, 'inf', 13, 24], [22, 17, 16, 30], ['inf', 17, 15, 'inf'], [25, 10, 19, 21]]

Matrix 26 T:
[['inf', 21, 'inf', 'inf'], ['inf', 'inf', 15, 24], [13, 10, 29, 12], [19, 21, 20, 23], [16, 19, 25, 18], ['inf', 26, 'inf', 'inf'], [12, 12, 13, 23], [10, 28, 22, 23], [22, 15, 22, 23], [21, 22, 25, 'inf'], [30, 11, 10, 14], [11, 19, 16, 15], ['inf', 'inf', 26, 13], ['inf', 'inf', 28, 10], [20, 11, 21, 20], [30, 19, 21, 24], [15, 'inf', 22, 15], [30, 14, 25, 22], [22, 16, 25, 24], ['inf', 15, 'inf', 16], [11, 13, 21, 16], [25, 27, 21, 22], ['inf', 'inf', 'inf', 21], ['inf', 10, 'inf', 13], ['inf', 10, 26, 16], [19, 27, 29, 10], [22, 'inf', 26, 18], [20, 24, 'inf', 17], [20, 26, 10, 13], [11, 22, 22, 18], [28, 10, 'inf', 19], ['inf', 'inf', 12, 24]]

Matrix 27 T:
[[26, 29, 11, 22], [24, 13, 19, 27], [16, 20, 15, 21], [11, 12, 11, 17], ['inf', 'inf', 25, 'inf'], [15, 18, 'inf', 27], [17, 'inf', 'inf', 30], [24, 28, 30, 22], [14, 20, 15, 11], [13, 30, 21, 13], [15, 27, 21, 20], [18, 'inf', 'inf', 23], [16, 17, 'inf', 'inf'], ['inf', 28, 10, 23], [18, 21, 29, 21], [10, 'inf', 'inf', 'inf'], [29, 22, 28, 17], [29, 'inf', 'inf', 26], ['inf', 12, 'inf', 'inf'], [12, 22, 25, 15], ['inf', 30, 'inf', 'inf'], [17, 24, 'inf', 27], [10, 25, 19, 29], [10, 'inf', 'inf', 'inf'], [25, 'inf', 'inf', 29], [27, 29, 25, 17], [27, 25, 24, 21], ['inf', 20, 18, 22], ['inf', 'inf', 25, 14], [23, 21, 15, 10], [25, 18, 24, 21], [29, 29, 11, 10]]

Matrix 28 T:
[[20, 'inf', 20, 20], [11, 'inf', 'inf', 14], ['inf', 19, 'inf', 25], [30, 'inf', 'inf', 'inf'], [26, 14, 27, 23], ['inf', 19, 'inf', 28], [29, 'inf', 20, 'inf'], [19, 'inf', 'inf', 'inf'], ['inf', 'inf', 'inf', 18], [24, 27, 27, 10], [15, 21, 'inf', 'inf'], [10, 29, 18, 22], [21, 'inf', 20, 12], [14, 27, 10, 28], [16, 13, 17, 'inf'], [23, 10, 14, 14], [19, 21, 23, 23], ['inf', 'inf', 12, 17], [27, 22, 11, 16], ['inf', 17, 11, 'inf'], ['inf', 'inf', 22, 'inf'], [12, 'inf', 'inf', 17], [16, 'inf', 23, 12], [14, 24, 18, 'inf'], [12, 'inf', 30, 20], [16, 'inf', 15, 'inf'], [21, 19, 'inf', 'inf'], ['inf', 'inf', 23, 'inf'], [19, 11, 26, 27], [15, 'inf', 'inf', 'inf'], [29, 24, 'inf', 18], [18, 10, 'inf', 'inf']]

Matrix 29 T:
[[23, 22, 30, 20], [28, 19, 25, 21], ['inf', 28, 11, 22], ['inf', 'inf', 'inf', 18], ['inf', 'inf', 16, 29], [14, 11, 11, 17], ['inf', 'inf', 27, 12], [11, 18, 17, 19], [30, 19, 28, 'inf'], [28, 'inf', 11, 29], [21, 18, 20, 26], [21, 22, 17, 'inf'], [21, 19, 24, 14], [13, 13, 23, 30], ['inf', 14, 16, 'inf'], [23, 25, 30, 13], [28, 16, 30, 10], [13, 17, 27, 27], ['inf', 20, 16, 'inf'], [27, 19, 30, 15], [23, 13, 12, 24], ['inf', 20, 'inf', 'inf'], [24, 'inf', 'inf', 'inf'], [13, 13, 23, 13], [15, 14, 'inf', 15], [10, 13, 30, 24], [23, 'inf', 28, 18], [16, 18, 18, 30], [29, 22, 30, 12], [22, 18, 10, 16], ['inf', 'inf', 18, 'inf'], [13, 20, 'inf', 'inf']]

Matrix 30 T:
[['inf', 'inf', 18, 28], [18, 12, 19, 21], [10, 13, 18, 18], ['inf', 'inf', 'inf', 18], ['inf', 13, 'inf', 13], ['inf', 'inf', 'inf', 15], ['inf', 'inf', 23, 'inf'], ['inf', 'inf', 14, 20], [21, 11, 27, 26], ['inf', 16, 'inf', 18], [19, 'inf', 12, 27], [13, 28, 10, 11], [15, 29, 18, 'inf'], [10, 23, 24, 28], [24, 'inf', 24, 22], [22, 25, 22, 20], ['inf', 13, 'inf', 'inf'], ['inf', 'inf', 13, 'inf'], [29, 13, 17, 12], ['inf', 'inf', 10, 30], [28, 30, 29, 12], [20, 'inf', 'inf', 12], ['inf', 'inf', 12, 24], [20, 'inf', 'inf', 'inf'], ['inf', 'inf', 17, 14], [28, 11, 11, 17], [16, 29, 23, 18], [29, 23, 29, 30], [12, 20, 24, 18], [15, 10, 28, 22], [13, 16, 'inf', 'inf'], [14, 15, 11, 11]]

Matrix 31 T:
[['inf', 'inf', 10, 'inf'], ['inf', 28, 'inf', 20], [10, 17, 17, 'inf'], [10, 29, 17, 12], [24, 27, 18, 20], [27, 22, 18, 19], [10, 21, 14, 28], [11, 22, 'inf', 'inf'], [20, 21, 'inf', 13], ['inf', 'inf', 21, 25], [28, 18, 14, 25], [10, 24, 28, 26], [16, 25, 24, 22], [10, 'inf', 22, 29], [19, 25, 25, 25], [20, 28, 16, 13], [27, 18, 10, 18], [18, 15, 18, 28], ['inf', 18, 26, 29], [23, 28, 13, 24], [10, 25, 'inf', 'inf'], ['inf', 15, 'inf', 'inf'], [13, 26, 17, 17], [20, 28, 30, 10], ['inf', 'inf', 'inf', 19], [27, 26, 22, 21], [21, 30, 'inf', 'inf'], [25, 22, 14, 16], [11, 10, 10, 25], [27, 10, 13, 'inf'], [15, 28, 'inf', 'inf'], [11, 19, 12, 16]]

Matrix 32 T:
[[28, 17, 25, 11], [18, 23, 11, 26], [15, 29, 15, 12], [11, 'inf', 16, 30], ['inf', 14, 'inf', 'inf'], ['inf', 12, 12, 30], ['inf', 'inf', 14, 16], [15, 23, 21, 23], ['inf', 12, 'inf', 'inf'], [30, 26, 16, 18], ['inf', 'inf', 'inf', 28], ['inf', 14, 'inf', 27], [11, 16, 24, 17], ['inf', 18, 'inf', 'inf'], [14, 'inf', 'inf', 21], ['inf', 'inf', 'inf', 14], [24, 11, 29, 22], [30, 17, 'inf', 'inf'], [25, 14, 22, 18], [28, 16, 16, 16], [29, 18, 18, 27], [28, 13, 18, 'inf'], ['inf', 21, 'inf', 'inf'], [25, 26, 19, 15], ['inf', 16, 23, 27], [23, 26, 15, 25], [14, 21, 25, 29], [17, 30, 'inf', 'inf'], ['inf', 'inf', 'inf', 26], ['inf', 'inf', 'inf', 26], [18, 23, 'inf', 26], [22, 24, 26, 14]]

Matrix 33 T:
[[29, 15, 20, 14], [12, 19, 14, 20], [13, 27, 17, 'inf'], [14, 'inf', 11, 'inf'], [18, 26, 16, 30], ['inf', 15, 'inf', 22], ['inf', 'inf', 24, 'inf'], [30, 23, 'inf', 12], [30, 'inf', 18, 26], [18, 'inf', 26, 26], ['inf', 'inf', 'inf', 20], ['inf', 'inf', 22, 'inf'], [14, 'inf', 20, 14], [18, 16, 29, 10], [12, 10, 15, 23], [11, 11, 16, 11], [16, 14, 25, 26], [27, 'inf', 'inf', 'inf'], [15, 17, 10, 25], [17, 'inf', 'inf', 17], [25, 17, 28, 13], [24, 10, 15, 27], [21, 15, 'inf', 11], ['inf', 10, 29, 'inf'], [12, 24, 15, 30], [18, 19, 24, 17], [15, 'inf', 27, 10], [30, 19, 'inf', 16], [10, 24, 17, 22], [27, 14, 13, 11], ['inf', 25, 'inf', 18], ['inf', 21, 'inf', 'inf']]

Matrix 34 T:
[[18, 19, 16, 10], [27, 19, 26, 26], [30, 28, 30, 12], [16, 13, 22, 19], ['inf', 'inf', 'inf', 11], ['inf', 'inf', 23, 20], [22, 24, 10, 15], [27, 21, 12, 16], [16, 30, 19, 10], [28, 26, 30, 18], ['inf', 17, 'inf', 30], [20, 23, 10, 'inf'], [19, 30, 15, 'inf'], [30, 'inf', 23, 28], [28, 'inf', 'inf', 'inf'], ['inf', 22, 'inf', 'inf'], ['inf', 'inf', 20, 'inf'], ['inf', 'inf', 'inf', 13], [23, 25, 19, 16], ['inf', 22, 24, 30], ['inf', 27, 15, 29], [11, 25, 19, 17], ['inf', 18, 'inf', 'inf'], [20, 'inf', 26, 18], [24, 23, 28, 11], ['inf', 21, 'inf', 'inf'], ['inf', 12, 'inf', 13], [14, 12, 21, 23], [18, 17, 24, 23], [17, 13, 'inf', 'inf'], [21, 21, 14, 13], [24, 27, 'inf', 28]]

Matrix 35 T:
[[28, 30, 29, 21], [25, 10, 'inf', 13], [22, 24, 22, 20], ['inf', 'inf', 17, 'inf'], [11, 10, 10, 10], [29, 'inf', 13, 29], [21, 18, 27, 15], [13, 20, 19, 11], ['inf', 29, 25, 22], [16, 19, 14, 16], [15, 12, 'inf', 22], [27, 11, 23, 28], [13, 19, 19, 10], [26, 15, 13, 11], ['inf', 'inf', 30, 22], [22, 'inf', 'inf', 'inf'], ['inf', 19, 30, 12], [20, 17, 'inf', 26], [24, 15, 'inf', 14], ['inf', 'inf', 'inf', 16], [10, 10, 'inf', 'inf'], [29, 18, 14, 11], [26, 20, 27, 16], [19, 21, 11, 16], [15, 17, 25, 24], [26, 23, 18, 23], [14, 21, 'inf', 18], [17, 26, 'inf', 15], [22, 'inf', 14, 16], ['inf', 'inf', 18, 'inf'], ['inf', 13, 'inf', 'inf'], [21, 24, 19, 16]]

Matrix 36 T:
[['inf', 'inf', 'inf', 28], [30, 17, 11, 10], [25, 24, 13, 10], ['inf', 'inf', 30, 22], ['inf', 20, 'inf', 'inf'], ['inf', 'inf', 29, 'inf'], ['inf', 'inf', 'inf', 22], ['inf', 28, 'inf', 'inf'], [14, 18, 'inf', 'inf'], [18, 26, 17, 30], [12, 15, 22, 11], ['inf', 26, 14, 'inf'], [17, 22, 17, 14], [25, 'inf', 'inf', 'inf'], [10, 20, 17, 30], [12, 24, 'inf', 19], ['inf', 'inf', 27, 11], [20, 'inf', 14, 30], ['inf', 17, 'inf', 11], ['inf', 'inf', 24, 21], [13, 23, 'inf', 13], [15, 21, 11, 'inf'], [14, 'inf', 'inf', 'inf'], [20, 'inf', 18, 'inf'], ['inf', 'inf', 18, 18], [24, 18, 13, 13], ['inf', 15, 29, 20], [12, 14, 27, 25], [16, 18, 30, 'inf'], [18, 29, 18, 'inf'], ['inf', 'inf', 24, 20], [14, 13, 21, 'inf']]

Matrix 37 T:
[[17, 16, 24, 'inf'], ['inf', 'inf', 12, 'inf'], [17, 'inf', 13, 24], ['inf', 'inf', 'inf', 19], ['inf', 29, 'inf', 'inf'], [17, 22, 28, 28], [16, 13, 14, 28], [15, 29, 19, 19], [17, 'inf', 'inf', 'inf'], ['inf', 'inf', 15, 'inf'], [10, 26, 28, 29], [21, 'inf', 'inf', 21], [15, 19, 28, 24], [12, 'inf', 'inf', 'inf'], [16, 28, 18, 18], [16, 11, 16, 24], ['inf', 29, 29, 24], ['inf', 20, 'inf', 28], ['inf', 'inf', 'inf', 21], [20, 24, 10, 24], [25, 'inf', 'inf', 'inf'], [17, 15, 30, 10], [16, 21, 23, 12], [23, 'inf', 29, 'inf'], [17, 21, 'inf', 23], ['inf', 30, 14, 'inf'], [25, 14, 15, 25], [12, 14, 22, 10], ['inf', 'inf', 17, 'inf'], [30, 22, 'inf', 'inf'], ['inf', 17, 'inf', 'inf'], [20, 17, 11, 18]]

Matrix 38 T:
[[19, 24, 19, 22], [15, 14, 12, 18], [24, 29, 26, 18], [14, 'inf', 'inf', 'inf'], ['inf', 'inf', 'inf', 12], ['inf', 28, 'inf', 'inf'], [19, 16, 28, 14], [14, 17, 25, 29], [10, 'inf', 'inf', 'inf'], [10, 'inf', 'inf', 16], [16, 17, 12, 17], [10, 14, 18, 17], ['inf', 12, 'inf', 'inf'], [16, 'inf', 'inf', 17], [15, 17, 14, 21], ['inf', 22, 'inf', 'inf'], [25, 14, 13, 16], [22, 18, 13, 15], [30, 30, 13, 14], [16, 'inf', 21, 26], ['inf', 'inf', 17, 'inf'], ['inf', 15, 30, 'inf'], [29, 15, 13, 13], [17, 15, 26, 16], [28, 12, 30, 11], [19, 'inf', 'inf', 'inf'], [18, 26, 16, 26], [14, 22, 27, 19], [13, 10, 23, 25], [29, 21, 22, 17], [22, 18, 11, 23], [17, 16, 'inf', 22]]

Matrix 39 T:
[[14, 13, 20, 24], [27, 'inf', 17, 23], ['inf', 'inf', 16, 18], [26, 25, 16, 23], ['inf', 'inf', 21, 30], [11, 28, 25, 29], [30, 30, 13, 19], [15, 10, 18, 15], [23, 24, 13, 11], [26, 'inf', 16, 21], [14, 'inf', 'inf', 'inf'], [17, 19, 21, 29], ['inf', 12, 'inf', 'inf'], [13, 'inf', 'inf', 'inf'], [28, 25, 13, 24], [23, 17, 26, 19], ['inf', 19, 'inf', 'inf'], [14, 22, 'inf', 'inf'], ['inf', 'inf', 17, 17], [19, 'inf', 'inf', 'inf'], [26, 27, 11, 22], ['inf', 27, 27, 27], [12, 12, 23, 12], [21, 18, 13, 29], [17, 28, 24, 'inf'], [17, 12, 30, 29], [27, 14, 'inf', 'inf'], ['inf', 22, 16, 'inf'], [15, 'inf', 18, 'inf'], [19, 28, 19, 29], [23, 10, 17, 18], [27, 'inf', 'inf', 24]]

Matrix 40 T:
[[26, 19, 'inf', 25], [25, 'inf', 'inf', 17], [25, 'inf', 'inf', 'inf'], [12, 14, 21, 21], [29, 23, 20, 19], ['inf', 29, 21, 'inf'], [12, 11, 12, 20], ['inf', 'inf', 'inf', 19], [11, 'inf', 24, 'inf'], [23, 16, 24, 'inf'], [20, 30, 25, 17], [26, 19, 26, 16], [29, 12, 24, 'inf'], ['inf', 10, 'inf', 'inf'], [28, 24, 21, 12], [27, 'inf', 'inf', 16], ['inf', 29, 'inf', 'inf'], [29, 21, 20, 20], [30, 15, 'inf', 27], [28, 'inf', 'inf', 'inf'], [18, 24, 18, 28], [12, 26, 'inf', 22], ['inf', 'inf', 24, 18], [11, 15, 21, 23], [13, 29, 13, 24], ['inf', 'inf', 22, 27], [12, 30, 14, 21], [10, 'inf', 'inf', 'inf'], [10, 23, 27, 23], [24, 18, 20, 16], [20, 23, 19, 'inf'], ['inf', 16, 'inf', 'inf']]

Matrix 41 T:
[['inf', 'inf', 'inf', 28], [11, 20, 27, 'inf'], [12, 14, 24, 14], [21, 21, 27, 11], ['inf', 19, 23, 'inf'], [17, 26, 24, 10], ['inf', 17, 'inf', 20], [28, 'inf', 'inf', 26], [14, 27, 28, 20], ['inf', 'inf', 24, 'inf'], [20, 27, 24, 24], [15, 13, 11, 22], ['inf', 21, 'inf', 'inf'], [17, 21, 24, 20], [20, 30, 15, 24], ['inf', 'inf', 23, 12], [29, 18, 'inf', 'inf'], [30, 'inf', 16, 22], [22, 27, 29, 16], [19, 22, 'inf', 19], [16, 20, 28, 28], [13, 25, 24, 16], [23, 10, 22, 29], ['inf', 'inf', 'inf', 12], [21, 11, 11, 'inf'], [29, 22, 21, 27], ['inf', 'inf', 'inf', 24], [15, 28, 21, 21], [13, 12, 12, 24], ['inf', 17, 15, 16], ['inf', 29, 'inf', 'inf'], ['inf', 'inf', 'inf', 23]]

Matrix 42 T:
[[21, 21, 12, 13], [21, 11, 15, 20], [26, 'inf', 22, 'inf'], [17, 14, 29, 20], [27, 27, 24, 26], [20, 18, 29, 'inf'], [26, 19, 18, 20], [21, 21, 29, 'inf'], ['inf', 18, 29, 'inf'], [26, 27, 12, 19], [20, 19, 24, 16], [23, 17, 18, 13], [14, 'inf', 'inf', 24], [28, 'inf', 'inf', 'inf'], [18, 'inf', 26, 19], [24, 15, 12, 29], [19, 'inf', 12, 11], [29, 12, 28, 'inf'], [18, 24, 26, 18], [20, 27, 25, 20], [24, 17, 22, 27], [28, 'inf', 'inf', 16], ['inf', 21, 30, 14], ['inf', 'inf', 24, 10], [27, 29, 14, 24], [16, 21, 28, 27], [26, 24, 12, 'inf'], [25, 'inf', 'inf', 'inf'], ['inf', 29, 'inf', 'inf'], [25, 19, 22, 13], [20, 23, 14, 16], [27, 18, 'inf', 18]]

Matrix 43 T:
[[24, 28, 24, 29], [10, 'inf', 15, 28], ['inf', 'inf', 23, 'inf'], ['inf', 25, 'inf', 'inf'], [15, 22, 30, 18], ['inf', 'inf', 'inf', 22], ['inf', 25, 10, 'inf'], [14, 15, 25, 27], [28, 'inf', 'inf', 'inf'], [20, 28, 'inf', 15], [25, 30, 27, 21], ['inf', 'inf', 23, 'inf'], [24, 16, 29, 23], [15, 'inf', 26, 20], [16, 28, 28, 22], [23, 26, 14, 22], [16, 13, 22, 29], [22, 16, 'inf', 'inf'], ['inf', 20, 13, 'inf'], [12, 'inf', 24, 'inf'], ['inf', 20, 16, 24], ['inf', 'inf', 'inf', 24], [25, 'inf', 22, 'inf'], ['inf', 'inf', 14, 29], [10, 24, 13, 15], [27, 30, 27, 18], [29, 22, 25, 29], [13, 25, 11, 28], [22, 30, 14, 26], [19, 11, 19, 29], [19, 12, 15, 24], [11, 15, 24, 'inf']]

Matrix 44 T:
[[18, 16, 10, 27], ['inf', 15, 25, 12], [19, 24, 12, 28], [17, 16, 10, 27], [23, 11, 10, 27], [20, 24, 28, 13], [25, 18, 21, 20], [24, 30, 12, 21], [27, 'inf', 18, 16], [26, 29, 14, 18], [23, 19, 'inf', 15], [12, 30, 'inf', 25], [20, 'inf', 11, 'inf'], [30, 'inf', 13, 15], [14, 'inf', 'inf', 13], ['inf', 'inf', 'inf', 12], ['inf', 27, 'inf', 'inf'], ['inf', 14, 'inf', 'inf'], [17, 22, 28, 29], ['inf', 'inf', 16, 'inf'], [30, 20, 24, 20], [25, 20, 15, 29], [10, 'inf', 'inf', 'inf'], [26, 13, 24, 11], [12, 26, 'inf', 17], [21, 21, 13, 21], [18, 27, 11, 10], [24, 27, 29, 26], [14, 13, 12, 29], [22, 30, 19, 17], ['inf', 'inf', 14, 22], [14, 'inf', 15, 24]]

Matrix 45 T:
[[17, 19, 30, 'inf'], [10, 'inf', 13, 22], [25, 19, 24, 21], ['inf', 'inf', 13, 'inf'], [20, 28, 28, 30], ['inf', 25, 11, 'inf'], [10, 28, 13, 20], [25, 'inf', 28, 'inf'], [28, 17, 17, 22], [13, 'inf', 'inf', 14], [30, 21, 29, 28], [17, 12, 26, 14], [15, 28, 20, 'inf'], ['inf', 'inf', 14, 29], [11, 'inf', 28, 'inf'], [16, 21, 16, 29], [28, 16, 15, 16], ['inf', 15, 'inf', 28], [30, 11, 'inf', 'inf'], [15, 19, 'inf', 16], [19, 23, 15, 'inf'], [15, 17, 22, 27], ['inf', 11, 'inf', 22], ['inf', 17, 22, 10], [28, 'inf', 29, 23], [14, 26, 28, 11], [28, 25, 26, 15], [30, 19, 29, 28], ['inf', 'inf', 24, 11], [12, 23, 16, 22], [30, 27, 'inf', 23], [14, 26, 26, 'inf']]

Matrix 46 T:
[[30, 24, 17, 24], [24, 16, 26, 10], [29, 26, 'inf', 'inf'], [14, 'inf', 15, 27], [22, 13, 22, 20], [10, 21, 30, 'inf'], [22, 18, 29, 26], ['inf', 'inf', 'inf', 15], ['inf', 'inf', 12, 'inf'], [17, 'inf', 15, 29], [15, 20, 10, 18], [26, 27, 23, 10], ['inf', 'inf', 'inf', 15], ['inf', 26, 'inf', 'inf'], [10, 23, 20, 18], [12, 21, 'inf', 27], [21, 'inf', 'inf', 10], ['inf', 14, 'inf', 15], [22, 16, 13, 15], [15, 28, 12, 14], ['inf', 26, 23, 'inf'], ['inf', 11, 'inf', 'inf'], ['inf', 'inf', 14, 'inf'], [26, 21, 29, 18], [21, 18, 20, 23], [14, 15, 13, 11], [16, 17, 14, 21], [26, 21, 'inf', 'inf'], [27, 15, 'inf', 'inf'], [10, 26, 29, 20], ['inf', 23, 23, 19], [23, 21, 17, 21]]

Matrix 47 T:
[[14, 'inf', 'inf', 25], [11, 'inf', 'inf', 25], [24, 24, 19, 16], [16, 23, 27, 28], [30, 18, 20, 'inf'], [27, 'inf', 'inf', 'inf'], [28, 'inf', 11, 22], [17, 22, 29, 12], ['inf', 13, 19, 28], ['inf', 'inf', 'inf', 13], [12, 'inf', 'inf', 'inf'], [29, 28, 19, 23], [27, 21, 27, 27], [15, 'inf', 26, 'inf'], ['inf', 23, 'inf', 'inf'], ['inf', 17, 'inf', 16], [21, 10, 16, 10], [13, 'inf', 20, 'inf'], [24, 24, 16, 23], [21, 16, 'inf', 29], [10, 25, 30, 12], ['inf', 'inf', 18, 'inf'], ['inf', 19, 25, 25], [18, 23, 11, 21], [11, 22, 13, 24], ['inf', 25, 'inf', 'inf'], [10, 'inf', 'inf', 'inf'], [21, 'inf', 21, 24], ['inf', 27, 'inf', 'inf'], [14, 29, 26, 18], ['inf', 'inf', 20, 'inf'], [15, 15, 28, 13]]

Matrix 48 T:
[[12, 'inf', 'inf', 'inf'], [22, 19, 24, 21], [11, 'inf', 'inf', 'inf'], [27, 29, 23, 21], [23, 'inf', 'inf', 17], [30, 13, 24, 15], ['inf', 24, 'inf', 'inf'], [13, 'inf', 'inf', 'inf'], [17, 21, 17, 14], [24, 17, 22, 10], [12, 27, 28, 23], [28, 17, 22, 10], ['inf', 'inf', 12, 'inf'], [10, 10, 14, 12], [21, 26, 21, 25], ['inf', 10, 'inf', 'inf'], ['inf', 16, 29, 'inf'], [10, 21, 12, 18], [21, 12, 11, 25], [29, 25, 'inf', 21], ['inf', 15, 'inf', 'inf'], ['inf', 'inf', 23, 'inf'], [15, 22, 18, 11], [23, 27, 22, 28], ['inf', 'inf', 28, 'inf'], [16, 10, 15, 'inf'], [15, 14, 25, 18], ['inf', 'inf', 'inf', 17], ['inf', 14, 'inf', 11], [29, 28, 18, 28], [18, 11, 17, 'inf'], ['inf', 23, 'inf', 'inf']]

Matrix 49 T:
[[21, 16, 12, 17], [17, 29, 28, 14], ['inf', 28, 15, 24], [30, 13, 26, 25], [24, 12, 19, 28], ['inf', 29, 'inf', 'inf'], [29, 13, 19, 22], [28, 20, 12, 11], [16, 15, 15, 26], ['inf', 'inf', 'inf', 17], [14, 19, 11, 21], [21, 'inf', 'inf', 'inf'], ['inf', 26, 12, 25], [11, 27, 28, 'inf'], [30, 17, 12, 14], ['inf', 'inf', 'inf', 11], [28, 24, 21, 'inf'], [15, 'inf', 10, 'inf'], [30, 11, 23, 11], [23, 'inf', 'inf', 'inf'], [19, 18, 24, 'inf'], ['inf', 21, 21, 26], [14, 11, 23, 11], [20, 11, 28, 13], ['inf', 'inf', 'inf', 17], [18, 'inf', 26, 'inf'], [11, 29, 25, 30], [16, 28, 28, 16], [29, 26, 18, 17], [26, 25, 30, 15], [13, 18, 20, 11], [21, 12, 13, 25]]

